kinematics:
  shoulder:
    x: 0
    y: 0
    z: 0.1519530567367604
    roll: -0
    pitch: 0
    yaw: -3.83188331828932e-08
  upper_arm:
    x: -9.025991301529107e-05
    y: 0
    z: 0
    roll: 1.570889651230699
    pitch: 0
    yaw: 8.911204264047012e-07
  forearm:
    x: -0.2438050898768579
    y: 0
    z: 0
    roll: 0.001528357626883308
    pitch: 0.0008126485511117745
    yaw: -3.510378140995556e-07
  wrist_1:
    x: -0.2134380197758686
    y: -0.0002694306812462856
    z: 0.1312420567532076
    roll: 0.00205292654965746
    pitch: -0.0006800527304179284
    yaw: -1.68358042639574e-06
  wrist_2:
    x: 0.0001089813384423602
    y: -0.08541129715034372
    z: -0.0001104113480913978
    roll: 1.572089027998054
    pitch: 0
    yaw: -4.354396921160686e-08
  wrist_3:
    x: -0.0001344394664426182
    y: 0.09225711671400399
    z: -0.0001145757427042514
    roll: 1.569554409771261
    pitch: 3.141592653589793
    yaw: 3.141592433853908
  hash: calib_11661607676278546491