home: 
  elbow_joint: 1.6531122366534632
  shoulder_lift_joint: -1.96974577526235
  shoulder_pan_joint: -0.4473827520953577
  wrist_1_joint: -1.2552744013122101
  wrist_2_joint: -1.5688207785235804
  wrist_3_joint: -0.45167857805360967
